fonction               adresse        x87  fld  fst  mul  DIV  add  sub  cmp  ild
FUN_1158_04b2          1158:04b2       21    4    4    5    2    0    0    0    0
FUN_1158_12a7          1158:12a7       44   11   10    2    1    2    1    1    1
FUN_1158_04af          1158:04af        9    2    2    1    1    0    1    1    0
FUN_1088_4c86          1088:4c86      220   64   97    1    0    0    0   57    0
FUN_1030_3fc2          1030:3fc2      110   21   54    5    0   17    0    1   12
FUN_1098_38db          1098:38db       65   19   27    0    0    0    0   19    0
FUN_1020_3e65          1020:3e65       54   10   17    4    0    3    4    3   12
FUN_1030_0a88          1030:0a88       43   17   24    0    0    0    0    0    2
FUN_1008_161f          1008:161f       41   13   17    0    0    4    0    1    6
FUN_1020_146f          1020:146f       36   13   17    1    0    1    0    3    0
FUN_1088_4306          1088:4306       35    8   20    6    0    1    0    0    0
FUN_1020_78ab          1020:78ab       25    7   11    0    0    7    0    0    0
FUN_1080_2fa6          1080:2fa6       22   10    5    2    0    3    1    1    0
FUN_10e0_46bc          10e0:46bc       16    6    8    0    0    0    0    0    2
FUN_1158_122d          1158:122d       16    4    6    0    0    0    1    0    0
FUN_1158_060e          1158:060e       12    4    3    0    0    0    0    1    0
FUN_1080_2ea7          1080:2ea7       11    6    4    0    0    0    0    1    0
FUN_1150_36ca          1150:36ca       11    4    2    0    0    0    0    1    0
FUN_1150_37e9          1150:37e9       10    3    4    0    0    0    0    0    0
FUN_1018_7ddc          1018:7ddc        9    4    5    0    0    0    0    0    0
FUN_10e0_4bd4          10e0:4bd4        9    3    5    0    0    0    0    0    1
FUN_1020_66ee          1020:66ee        8    3    4    0    0    1    0    0    0
FUN_1020_6be2          1020:6be2        8    3    4    0    0    1    0    0    0
FUN_10b8_373a          10b8:373a        8    4    4    0    0    0    0    0    0
FUN_10e0_710d          10e0:710d        8    3    3    0    0    0    0    0    2
FUN_1158_07de          1158:07de        8    3    2    0    0    0    0    0    0
FUN_1020_745c          1020:745c        7    2    3    0    0    2    0    0    0
FUN_10e0_443c          10e0:443c        7    1    3    0    0    0    0    3    0
FUN_1150_38d5          1150:38d5        7    3    0    3    0    0    0    0    1
FUN_1158_0898          1158:0898        7    3    0    3    0    0    0    0    1
FUN_1020_5051          1020:5051        6    1    3    0    0    0    0    0    2
FUN_1020_5476          1020:5476        6    1    3    0    0    0    0    0    2
FUN_1020_58ff          1020:58ff        6    1    3    0    0    0    0    0    2
FUN_1020_5d8d          1020:5d8d        6    1    3    0    0    0    0    0    2
FUN_1020_624d          1020:624d        6    1    3    0    0    0    0    0    2
FUN_1038_1771          1038:1771        6    0    4    0    0    0    0    0    2
FUN_1040_1768          1040:1768        6    0    4    0    0    0    0    0    2
FUN_1048_1652          1048:1652        6    0    4    0    0    0    0    0    2
FUN_1050_112f          1050:112f        6    0    4    0    0    0    0    0    2
FUN_1058_202c          1058:202c        6    0    4    0    0    0    0    0    2
FUN_1060_25fb          1060:25fb        6    0    4    0    0    0    0    0    2
FUN_1068_12f9          1068:12f9        6    0    4    0    0    0    0    0    2
FUN_1078_19c4          1078:19c4        6    0    4    0    0    0    0    0    2
FUN_1080_2e42          1080:2e42        6    2    1    0    0    1    0    0    2
FUN_1088_1741          1088:1741        6    0    4    0    0    0    0    0    2
FUN_1098_1508          1098:1508        6    0    4    0    0    0    0    0    2
FUN_10e0_3e9d          10e0:3e9d        6    0    6    0    0    0    0    0    0
FUN_10e0_4090          10e0:4090        6    0    6    0    0    0    0    0    0
FUN_10e0_6081          10e0:6081        6    3    3    0    0    0    0    0    0
FUN_10e0_61d1          10e0:61d1        6    0    3    0    0    0    0    0    3
FUN_10e0_6af1          10e0:6af1        6    2    2    0    0    0    0    2    0
FUN_1150_2214          1150:2214        6    3    2    0    0    1    0    0    0
FUN_1158_1057          1158:1057        6    3    1    0    0    0    1    0    0
FUN_1020_4c4d          1020:4c4d        5    1    1    2    0    0    0    0    1
FUN_1150_15fe          1150:15fe        5    2    2    0    0    1    0    0    0
FUN_1000_0a69          1000:0a69        4    2    1    0    0    0    1    0    0
FUN_1018_66ff          1018:66ff        4    1    3    0    0    0    0    0    0
FUN_1020_122d          1020:122d        4    2    2    0    0    0    0    0    0
FUN_1020_8aff          1020:8aff        4    2    2    0    0    0    0    0    0
FUN_10e0_3b46          10e0:3b46        4    0    2    2    0    0    0    0    0
FUN_1148_48ae          1148:48ae        4    1    2    0    0    0    0    1    0
FUN_1158_100e          1158:100e        4    2    2    0    0    0    0    0    0
FUN_1158_1041          1158:1041        4    2    1    0    0    0    0    0    0
FUN_10e0_6233          10e0:6233        3    1    1    0    0    0    0    0    1
FUN_10e0_7206          10e0:7206        3    0    3    0    0    0    0    0    0
FUN_1150_116f          1150:116f        3    1    1    0    0    0    0    0    1
FUN_1150_1227          1150:1227        3    1    0    1    0    1    0    0    0
FUN_1150_1c52          1150:1c52        3    1    0    1    0    1    0    0    0
FUN_10d8_6277          10d8:6277        2    1    1    0    0    0    0    0    0
FUN_10e0_3a0b          10e0:3a0b        2    1    1    0    0    0    0    0    0
FUN_10e0_42d9          10e0:42d9        2    1    1    0    0    0    0    0    0
FUN_10e0_462d          10e0:462d        2    1    1    0    0    0    0    0    0
FUN_10e0_4988          10e0:4988        2    1    1    0    0    0    0    0    0
FUN_10e0_4b45          10e0:4b45        2    1    1    0    0    0    0    0    0
FUN_10e0_69a0          10e0:69a0        2    0    1    0    0    0    0    0    1
FUN_10e0_6a7c          10e0:6a7c        2    1    1    0    0    0    0    0    0
FUN_10e0_6a98          10e0:6a98        2    1    1    0    0    0    0    0    0
FUN_10e0_7011          10e0:7011        2    1    1    0    0    0    0    0    0
FUN_1150_12f1          1150:12f1        2    0    1    0    0    0    0    0    1
FUN_1150_1413          1150:1413        2    1    0    0    0    1    0    0    0
FUN_1150_1558          1150:1558        2    1    0    0    0    1    0    0    0
FUN_1150_1589          1150:1589        2    1    1    0    0    0    0    0    0
FUN_1150_15bc          1150:15bc        2    1    1    0    0    0    0    0    0
FUN_1150_3889          1150:3889        2    0    0    0    0    0    0    0    0
FUN_1158_0877          1158:0877        2    0    0    0    0    0    0    0    0
FUN_1158_0f9d          1158:0f9d        2    2    0    0    0    0    0    0    0
FUN_1158_102f          1158:102f        2    0    1    0    0    0    0    0    0
FUN_1158_1e86          1158:1e86        2    1    1    0    0    0    0    0    0
FUN_1008_236d          1008:236d        1    0    1    0    0    0    0    0    0
FUN_1008_2516          1008:2516        1    0    1    0    0    0    0    0    0
FUN_1018_216e          1018:216e        1    0    1    0    0    0    0    0    0
FUN_1020_709f          1020:709f        1    0    1    0    0    0    0    0    0
FUN_1070_208a          1070:208a        1    0    1    0    0    0    0    0    0
FUN_1078_454f          1078:454f        1    0    1    0    0    0    0    0    0
FUN_1080_34b0          1080:34b0        1    0    1    0    0    0    0    0    0
FUN_10a0_3083          10a0:3083        1    1    0    0    0    0    0    0    0
FUN_10e0_43b2          10e0:43b2        1    0    1    0    0    0    0    0    0
FUN_10e0_4840          10e0:4840        1    1    0    0    0    0    0    0    0
FUN_10e0_63ff          10e0:63ff        1    1    0    0    0    0    0    0    0
FUN_1148_355a          1148:355a        1    1    0    0    0    0    0    0    0
FUN_1148_3a68          1148:3a68        1    0    1    0    0    0    0    0    0
FUN_1150_11e3          1150:11e3        1    1    0    0    0    0    0    0    0
FUN_1150_13d6          1150:13d6        1    1    0    0    0    0    0    0    0
FUN_1150_2154          1150:2154        1    1    0    0    0    0    0    0    0
FUN_1150_21b2          1150:21b2        1    1    0    0    0    0    0    0    0
FUN_1150_393d          1150:393d        1    0    1    0    0    0    0    0    0
FUN_1158_08fe          1158:08fe        1    0    1    0    0    0    0    0    0

fonctions utilisant le x87 : 107
